1649071788511349
1649063726819355
1645026455084388
1641559247348756
1648131256778993
1643363661485725
1655823372674102
1654783387585712
1649253519746432
1643643531825782
1645021987263626
1642780892281766
1662544448004832
1646942534315818
1644224384877953
1662373328983471
1653305352009261
1646825417670989
1644599911498070
1632739860346912
1635772342984296
1632386027389136
1641563398622597
1643287365946361
1629454789269170
1643202137120443
1643122575281525
1660733998233980
1661170880796916
1649341200866997
1644509129380200
1650966130964177
1643896056336888
1646754555055706
1643130173077229
1657018835861622
1643300511072212
1642178620322004
1641375260553838
1642688852678782
1639571872051807
1649924808185447
1644230986627290
1639759337089542
1647954935940309
1643117078620658
1644224625541962
1646919007086118
1645022407613374
1643383380856808
1658227264636889
1663080248666271
1662975023584824
1645005041239672
1647345392998692
1647254722309697
1635162303075021
1649667061943495
1646413309936022
1651063724732142
1639477444528209
1636994601954591
1657726172043808
1654692525352150
1651232313366931
1664530486283931
1643973004788286
1652686572090723
1647428543963243
1649675543082030
1645094987019322
1645716694148388
1646391457059930
1648131786635895
1644579649618363
1646741966974229
1643196060695431
1657793452767159
1639057798168198
1632904327201734
1631787834979251
1661504480916278
1661432242125907
1643632113927967
1646663065523097
1652879014570564
1632476232502936
1648812074834767
1643815048515391
1650623583384318
1633513811653729
1649676006283644
1639390097913570
1636042896045145
1636041759297389
1646386231337529
1632481768063048
1628671186872287
1628246884091652
1637558269611808
1635240349894058
1635154844622304
1642612393378546
1645795064304417
1654604354878049
1661948039154933
1651842365105332
1648472581258719
1652955368515288
1659625883038800
1652265824271173
1645442902569220
1646906581701139
1655815101122288
1657288184811953
1647957004006670
1650541770145864
1653468950621489
1638965135612788
1639388982496537
1651047354731839
1662034211703497
1653889239834355
1663253496615742
1637150547342966
1651158192785729
1643810812691247
1643198973721742
1651831177213962
1654766026716087
1670583607540814
1672333425104171
1660822494523067
1663255210742017
1667331034940529
1664371755537305
1663663648162544
1660228842143675
1657788339785721
1644925448947737
1658243463931518
1653477542512429
1646923842356769
1642951230248474
1652695946099179
1656071103900805
1644852416641631
1669807203703366
1669051301767805
1667836119900354
1667820162330792
1665669086020175
1664789232663826
1664805773095705
1662474254011681
1662047307259968
1659445332797686
1658752322511345
1658410716688571
1658130916772195
1658131940138643
1657716515801228
1655902479510813
1656495747980032
1644849282961531
1652967468765341
1636646686628082
1639475243775799
1649667733220165
1639477259228580
1647355292377897
1642586752321315
1642587539965069
1639657858846912
1636555451641735
1637149021631381
1637072047162340
1636646750700221
1641903327862296
1636464015322439
1641904350257081
1639755806235814
1641383641021947
1645116234399346
1642420716373107
1643026483382368
1646919417918744
1648482901232849
1643728991949329
1649340230725660
1661255134084100
1670328732937026
1644929249300294
1659688163077104
1639133003086036
1655994279619555
1659445358437084
1660042537723737
1660742576778639
1650979089365767
1665746923214920
1645708053561376
1663085328697120
1644249133428980
1656675111114553
1647525773881217
1646064905240069
1660643752661997
1662986254523902
1664888813774042
1652631258934018
1652526675200953
1662560293531877
1655803060454041
1641919098311552
1649411882541869
1655109489440110
1638449672671309
1653562425724637
1670314674389020
1652257075177381
1649685528196655
1671460971770591
1656319287536212
1661260265919561
1655979730435329
1660032752500423
1670410797487780
1653472272773432
1649157681544485
1662709285515865
1643360095729009
1652787621673210
1663080813029186
1663770961072885
1650974204770579
1655897707062852
1657788373012339
1659948055421533
1653062028064507
1654074828339822
1645880607951054
1643207415700014
1658927904925564
1660559117365530
1666186950151076
1661518634030505
1650446630422182
1658912566258280
1658141347095189
1652689837179984
1650887478532410
1657622014024884
1654705753353904
1661337704007099
1648032533916853
1654597680145887
1656585551093516
1667298329786356
1653472566412978
1662027599156874
1657538746115065
1643187994474639
1666361547310879
1664882312425107
1652006334949266
1652360880120610
1671445331163975
1651514685704629
1644853304465406
1658226035924350
1669285578507490
1669804238288117
1653644802474703
1649244888611265
1657803256262115
1660212085101038
1658824079083909
1647881946513512
1660228871755902
1661353388046915
1655989530559863
1663239906957667
1655195077280190
1668787395218574
1662556777099852
1642758673379744
1671794943756142
1647961332593524
1659534600900880
1655385624920634
1657024330624770
1670246251496143
1657102850594142
1663845681818310
1646750567094741
1655201478434335
1661511704494958
1666864337224952
1643888124457507
1657893901229858
1657792658243189
1662043909160621
1658137303494739
1661171715678642
1658311673177659
1661424417245016
1653391600580394
1663251683376144
1669375996683252
1662108293332654
1659336615520145
1660832391055683
1666013156502524
1661941428329273
1663249362280223
1659104242907899
1643296959720504
1647958913962854
1659445828335553
1662979180810675
1668514840969043
1663071796169529
1643983489355592
1652696837673320
1658392728567029
1655465878350868
1659347320566208
1640270943898307
1670489734880182
1656580574904914
1651652668208703
1650978372156339
1657716536229615
1655125217228478
1669288883862329
1653468759921676
1647355694869038
1645026515525727
1645026417567009
1649338080339897
1661941661888175
1650554056119172
1658756848280871
1660302668539595
1658759563624844
1661246853746409
1652882682091194
1650457969593386
1662044007422020
1644852436156727
1666346980650824
1666277476251639
1649087726842604
1661512802584443
1663835046134214
1657037129027682
1643126465433930
1647525782227766
1659306765357390
1661942520973851
1650538567414198
1659965022521823
1662725310708903
1663242446055455
1652695392320293
1647855587992888
1660663378397008
1658139716716765
1642605887897385
1643880326733454
1647425298002755
1658131986937619
1657718692466841
1658765962481116
1665568548007533
1659456212667634
1651161919772467
1653463890736745
1658232644627988
1661525201661901
1655127795143111
1655733085958611
1649671416517095
1644226786066242
1663933605272648
1657012669759499
1659613678038045
1658481266069157
1659617005284420
1662474285589804
1644846839319247
1646053175703096
1660822644228237
1646751983293248
1646388419654253
1646226733089394
1657526687841641
1650635915979730
1650449173673187
1650366454759263
1648732212424000
1653927152553188
1652695925845196
1648463666376815
1647598960452696
1657877913254418
1662975324805571
1643958665750964
1662985962323647
1667989809934462
1653922213965646
1660055248403761
1643283475634773
1647854663576244
1653996350639875
1649077429558912
1656596856828100
1663247301350750
1666261430225103
1658390859033886
1651072856699763
1661516927033590
1646665143832481
1656671504835797
1646052649625430
1663338934841909
1653986450197296
1668594402724242
1660570889805512
1667405477447356
1652709830254533
1644316548970128
1662637040358703
1647009292921747
1653405426644158
1652703277138622
1652094780074912
1657205742979437
1645526018407281
1645546869248030
1645799813058043
1643720850185343
1638281325259582
1651242452006974
1657104930475110
1644850895076204
1660725046934098
1641821077062786
1666265586201107
1656936925198715
1656693716176364
1653045442533595
1653466624882057
1653158345500411
1653387954096623
1650640333936270
1647438681099320
1656086106340908
1638960770984154
1655735192598784
1661357186681120
1653317628416329
1664806477730951
1642428466693707
1649931144830859
1661177217316284
1654869839558306
1638525080527751
1638545863917466
1662039426960428
1641827438377342
1650979184858260
1654085920074703
1653653300692401
1650636911805390
1640099889656316
1644441715822231
1643101826146869
1660140662854234
1661242885967576
1663080230120527
1646914429466857
1644595411690505
1659952769296686
1641991654150971
1652173484294073
1643729554762299
1637770595012391
1638357090792351
